Responsivity Energy
0.109341 10.0752
0.1075 10.168
0.105579 10.2777
0.103737 10.3979
0.101656 10.5007
0.099895 10.614
0.0978137 10.719
0.0959725 10.8153
0.0943715 10.9124
0.0926103 11.0203
0.0910093 11.1193
0.0896484 11.1792
0.0880474 11.2695
0.0864464 11.3809
0.0847653 11.514
0.0830042 11.6591
0.0812431 11.8378
0.0798822 11.9762
0.0790816 12.2033
0.0788414 12.457
0.0790015 12.7502
0.079882 12.992
0.081403 13.2029
0.083084 13.4172
0.0842847 13.5257
0.0866862 13.733
0.0882072 13.844
0.0898882 14.006
0.0918894 14.1572
0.0939708 14.3613
0.0965323 14.5553
0.0983735 14.6862
0.100215 14.8049
0.101976 14.9113
0.103817 15.0453
0.106058 15.2077
0.107899 15.3169
0.109981 15.4546
0.112062 15.5796
0.113983 15.7196
0.115824 15.8325
0.117585 15.9748
0.119747 16.1328
0.121588 16.2342
0.123349 16.3654
0.12535 16.5421
0.127832 16.7207
0.130233 16.9466
0.132419 17.1223
0.135033 17.342
0.137321 17.5348
0.139608 17.7901
0.141896 18.0644
0.144837 18.3742
0.14756 18.6576
0.149957 18.881
0.152462 19.1722
0.154532 19.4348
0.157364 19.7345
0.159325 20.0048
0.161395 20.2615
0.163356 20.5216
0.165752 20.7673
0.167822 21.016
0.170545 21.3039
0.172942 21.5957
0.175774 21.9287
0.178389 22.248
0.180131 22.4379
0.182419 22.7259
0.184707 22.9981
0.186667 23.2932
0.188193 23.6323
0.189718 24.0376
0.191352 24.4498
0.193203 24.975
0.194837 25.4466
0.196036 25.8609
0.197016 26.3044
0.198105 26.9839
0.199086 27.5401
0.19963 27.9886
0.200284 28.5655
0.201062 29.1788
0.202043 29.8563
0.202874 30.4717
0.203931 31.2588
0.204762 31.8625
0.205385 32.3423
0.205728 32.6468
0.2059 33.0831
0.205685 33.4729
0.205685 33.9202
0.205814 34.4273
0.205942 34.8329
0.206423 35.5101
0.206929 36.335
0.207582 37.2736
0.208236 38.2689
0.20878 39.2241
0.209543 40.3401
0.210196 41.4878
0.211068 43.0324
0.211721 44.1815
0.212375 45.5159
0.213029 46.8506
0.213847 48.4147
0.21499 51.095
0.217278 56.3781
0.220137 63.5332
0.222901 71.5962
0.225284 79.93
0.227667 88.1947
0.23024 98.0003
0.232909 110.697
0.235768 124.745
0.238437 137.322
0.240915 151.521
0.24406 168.367
0.24692 187.965
0.25016 211.325
0.252924 234.82
0.256451 265.864
0.259215 294.732
0.26217 329.039
0.263599 344.016
0.26522 365.622
0.266649 386.769
0.267602 405.322
0.268365 421.79
0.269127 442.023
0.270176 464.314
0.271034 482.048
0.271863 502.915
0.272661 524.768
0.273353 544.89
0.273888 560.168
0.274296 577.813
0.274432 596.754
0.274432 613.265
0.274387 630.233
0.274387 655.755
0.274577 677.334
0.274896 698.718
0.275163 720.777
0.275588 742.318
0.275801 762.005
0.275908 786.062
0.275961 813.536
0.275961 836.479
0.275961 860.069
0.275961 881.435
0.275854 906.293
0.275804 934.582
0.275686 968.151
0.27545 999.14
0.275214 1031.12
0.275095 1056.11
0.274918 1083.07
0.274682 1109.32
0.274446 1141.94
0.27421 1174.05
0.273856 1210.1
0.273561 1248.84
0.273207 1287.19
0.272819 1322.48
0.272499 1357.16
0.272086 1386.55
0.271732 1413.01
0.271437 1436.35
0.271161 1464.13
0.270905 1482.33
0.270669 1501.13
0.270374 1520.17
0.269961 1543.33
0.26943 1568.82
0.268401 1596.21
0.26707 1629.27
0.265713 1664.55
0.264474 1696.32
0.26347 1724.34
0.26228 1755.08
0.261215 1786.94
0.259937 1822.37
0.259032 1849.4
0.258155 1871.57
0.257397 1894.63
0.256576 1915.74
0.255377 1947.28
0.275058 1957.05
0.275058 2160.44
0.275058 2389.74
0.275058 2507.09
0.275058 2604.07
0.275058 2715.63
0.275058 2962.14
0.275058 3276.53
0.275058 3649.72
0.275058 3981.03
