
======= 20210614: 

----- flux_x:
{'MEG': {0: [[600.0, array([397.9252127 , 416.78300518, 438.75401384, 462.56121553,
       487.33355277, 512.03992257, 536.47780752, 561.22181765,
       587.97345224])], [2200.0, array([ 587.46430084,  612.03800702,  636.53676495,  661.0013687 ,
        685.42558925,  709.81638238,  734.17842701,  758.50826907,
        782.81254347,  807.1746918 ,  831.42021454,  855.65315484,
        879.96522503,  904.16448883,  928.3469178 ,  952.59181238,
        976.74554652, 1000.88329295, 1025.00777645, 1049.12246101,
       1073.35612614, 1097.45284047, 1121.47889554, 1145.55371549,
       1169.76864907, 1193.82702085, 1217.8791137 , 1242.00838726,
       1266.04511137, 1290.0737721 , 1314.09595788, 1338.10961268,
       1362.11333886, 1386.11416896, 1410.19201899, 1434.17382119,
       1458.14541467, 1482.10703038, 1506.27933764, 1530.09117842,
       1554.0208766 , 1578.17227423, 1602.08283189, 1625.97586073,
       1649.85652425, 1673.71768583, 1697.65562303, 1721.48042527,
       1745.28391005, 1769.06551088, 1793.13420224, 1816.65473024,
       1840.68892848, 1864.02913999, 1887.67252086, 1911.65687838,
       1935.2466612 , 1958.79315798, 1982.42605617, 2005.90605258,
       2029.32530332, 2052.7073116 , 2076.03860369, 2099.44966785,
       2123.21651619])], [3000.0, array([2118.88592738, 2094.67127337, 2097.87802688, 2109.77514789,
       2130.39313876, 2163.66662705, 2189.35934478, 2221.72499406,
       2248.20562552, 2256.84132602, 2359.40737965, 2392.34274277,
       2423.07541114, 2450.14018859, 2476.00931755, 2499.40250005,
       2520.86957515, 2541.04013424, 2560.9167578 , 2580.30105169,
       2601.8955564 , 2621.08117798, 2644.24358248, 2667.75472794,
       2692.77716544, 2719.36695553, 2744.92823708, 2776.4914143 ,
       2803.31259197, 2828.10579807, 2846.61432704, 2864.71720116,
       2879.30477412])]], 3: [[600.0, array([339.31458253, 364.54794409, 390.02020716, 415.15538078,
       439.78196471, 463.86684938, 487.40141206, 510.82411214,
       534.32704516, 558.5890677 , 584.4314343 ])], [2200.0, array([ 583.85491637,  608.81499149,  633.68951928,  658.48432773,
        683.2045639 ,  707.85662166,  732.4439953 ,  756.97608323,
        781.45489408,  805.88742599,  830.33418089,  854.68923824,
        879.00889942,  903.29590914,  927.55871675,  951.8703746 ,
        976.09296782, 1000.29845478, 1024.4904691 , 1048.67313555,
       1072.96910378, 1097.14170657, 1121.2561395 , 1145.41952498,
       1169.71715113, 1193.88290664, 1218.05387362, 1242.16170005,
       1266.47759455, 1290.65910564, 1314.84857478, 1339.04363087,
       1363.2430578 , 1387.45091073, 1411.73012516, 1435.94765377,
       1460.16592507, 1484.39059798, 1508.61293853, 1532.90895389,
       1557.13491617, 1581.35890457, 1605.57415237, 1629.78473372,
       1653.98696636, 1678.17757444, 1702.42651407, 1726.5854458 ,
       1750.7263016 , 1774.83965663, 1798.9234026 , 1823.06422641,
       1847.58574689, 1871.06680127, 1895.00617073, 1918.88866696,
       1943.04789622, 1966.84194618, 1990.6849626 , 2014.3510584 ,
       2037.95499606, 2061.47241692, 2084.89921993, 2108.37921613,
       2131.62724662])], [3000.0, array([2113.09739181, 2101.26248454, 2101.00201702, 2116.36481428,
       2134.14351318, 2164.82867589, 2198.43413519, 2246.55922932,
       2242.07828211, 2261.5552126 , 2358.47938377, 2396.94367111,
       2429.21024934, 2457.21889939, 2484.25022238, 2508.55465704,
       2530.64512258, 2551.15606066, 2571.22309682, 2592.63610493,
       2610.32325931, 2631.02166373, 2654.026949  , 2677.31382516,
       2702.18421301, 2728.00476115, 2758.33419361, 2787.24733677,
       2814.29370729, 2840.93862939, 2862.5537757 , 2882.33819506,
       2890.82626685])]], 2: [[600.0, array([515.7 , 540.03, 565.01, 590.04])], [2200.0, array([ 588.59207188,  613.29232402,  637.97110398,  662.57340343,
        687.12474643,  711.68069367,  736.15669802,  760.59539356,
        785.00374666,  809.45542616,  833.80369103,  858.13744719,
        882.45492481,  906.75832891,  931.04756366,  955.30204659,
        979.66597315, 1003.93097636, 1028.18914249, 1052.44888328,
       1076.70535099, 1101.07613296, 1125.2948017 , 1149.5579364 ,
       1173.82843999, 1198.22025055, 1222.50041089, 1246.7358534 ,
       1271.02496099, 1295.44955514, 1319.75613835, 1344.07193302,
       1368.39361843, 1392.72133011, 1417.11685819, 1441.45452985,
       1465.79816705, 1490.14139828, 1514.4908973 , 1538.76153096,
       1563.24358479, 1587.5878241 , 1611.92900804, 1636.2580953 ,
       1660.58143526, 1684.89426205, 1709.26181957, 1733.54473844,
       1757.80840349, 1782.04510776, 1806.26272635, 1830.52526946,
       1855.11862401, 1878.80412994, 1902.89256794, 1926.92958315,
       1950.91730234, 1974.85597288, 1998.83995273, 2022.67582641,
       2046.79085718, 2070.50604723, 2094.15235072, 2117.83647278,
       2141.33335819])], [3000.0, array([2068.39339727, 2077.8636703 , 2094.02808006, 2118.40161583,
       2145.85806279, 2174.7344634 , 2212.52150526, 2225.6200711 ,
       2251.56338273, 2266.84943568, 2384.79661648, 2416.55012196,
       2445.06868447, 2473.34713435, 2499.22086174, 2523.07266553,
       2545.28394299, 2566.32851269, 2587.11746746, 2607.28060474,
       2629.28983705, 2648.85607613, 2671.91639575, 2694.99417755,
       2719.1471953 , 2744.18930277, 2771.18896115, 2799.39175188,
       2825.78922987, 2852.29306995, 2876.86567103, 2898.00801271,
       2913.84002181])]], 1: [[600.0, array([399.12769577, 418.49469008, 439.93258901, 462.56063504,
       486.01877885, 509.62295213, 533.37313034, 557.23457724,
       581.99495154])], [2200.0, array([ 581.59355677,  605.89662183,  630.18496435,  654.32224083,
        678.38395029,  702.37427034,  726.29886619,  750.28824129,
        774.10677729,  797.87626071,  821.70681147,  845.39726538,
        869.04951022,  892.84619441,  916.44653035,  939.94903762,
        963.69659782,  987.24278657, 1010.76750368, 1034.29215874,
       1058.03228309, 1081.54474546, 1105.17023542, 1128.69191982,
       1152.20880076, 1175.73840477, 1199.26713083, 1222.92123452,
       1246.47831526, 1270.04940305, 1293.63014763, 1317.4971171 ,
       1341.11605231, 1364.75354241, 1388.23750626, 1412.17787973,
       1435.87743969, 1459.58965134, 1483.32486716, 1507.17021884,
       1530.94090009, 1554.7369362 , 1578.54733968, 1602.38124282,
       1626.23286351, 1650.0974754 , 1674.0585297 , 1697.95071727,
       1721.85985412, 1745.77791888, 1769.71195156, 1793.71858522,
       1817.66125846, 1841.88300235, 1865.266227  , 1889.49356226,
       1913.42993328, 1937.35252055, 1961.35057708, 1985.25116793,
       2009.14175642, 2033.00113326, 2056.84517489, 2080.74275066,
       2104.52957983])], [3000.0, array([2126.60650642, 2111.02986395, 2095.52361314, 2103.01317725,
       2117.35653637, 2138.97846781, 2171.96811167, 2197.28539696,
       2229.55355723, 2240.42411385, 2260.81739969, 2360.46405459,
       2390.47745703, 2421.07073067, 2448.34628975, 2475.05294358,
       2499.26962659, 2522.90806839, 2543.94307398, 2565.33881346,
       2586.75485829, 2609.79309622, 2631.63670032, 2655.72130668,
       2680.70358274, 2706.65302715, 2733.57080242, 2761.8581053 ,
       2788.54893184, 2812.25398818, 2831.934257  , 2850.67753865,
       2873.4360033 ])]]}}
----- flux_y:
{'MEG': {0: [[600.0, array([1.05787759e+11, 1.17707922e+11, 1.35482529e+11, 1.52382368e+11,
       1.67291686e+11, 1.80713800e+11, 1.82555545e+11, 2.03366402e+11,
       2.12880296e+11])], [2200.0, array([2.12880296e+11, 2.37905861e+11, 2.50552640e+11, 2.66132706e+11,
       2.79974677e+11, 2.93171490e+11, 3.09433493e+11, 3.21608032e+11,
       3.40828814e+11, 3.60730671e+11, 3.75179629e+11, 3.88153187e+11,
       4.00435048e+11, 4.10313396e+11, 4.16605767e+11, 4.18895964e+11,
       4.21711594e+11, 4.22031212e+11, 4.19994750e+11, 4.15927026e+11,
       4.12828899e+11, 4.08474706e+11, 4.00982666e+11, 3.91273735e+11,
       3.82563920e+11, 3.73120381e+11, 3.62436303e+11, 3.48795347e+11,
       3.38034718e+11, 3.24032282e+11, 3.12350710e+11, 2.99049488e+11,
       2.87546355e+11, 2.74392320e+11, 2.64853782e+11, 2.53544384e+11,
       2.43384146e+11, 2.31829509e+11, 2.24403448e+11, 2.15608729e+11,
       2.07360940e+11, 2.01165608e+11, 1.94772927e+11, 1.88566115e+11,
       1.82083994e+11, 1.75964346e+11, 1.71887478e+11, 1.66570026e+11,
       1.61260525e+11, 1.55872471e+11, 1.50553701e+11, 1.45252365e+11,
       1.38620052e+11, 1.11920197e+11, 1.12047697e+11, 1.07967716e+11,
       1.05094052e+11, 9.42437887e+10, 8.94819732e+10, 8.48363550e+10,
       7.95215214e+10, 7.36009644e+10, 6.72478081e+10, 6.04803020e+10,
       5.34604689e+10])], [3000.0, array([5.34604689e+10, 4.52567478e+10, 3.61080071e+10, 2.67172138e+10,
       1.81294146e+10, 1.33547019e+10, 1.00884235e+10, 7.95095235e+09,
       6.42884437e+09, 4.67669952e+09, 2.77456794e+09, 3.14088543e+09,
       3.57381686e+09, 3.94598123e+09, 4.07784528e+09, 4.33204318e+09,
       4.52807170e+09, 4.51042435e+09, 4.76784357e+09, 4.75517272e+09,
       4.64595426e+09, 4.60829652e+09, 4.50253010e+09, 4.33441779e+09,
       3.90656852e+09, 3.57836039e+09, 2.99910776e+09, 3.03045417e+09,
       3.19268453e+09, 3.34728938e+09, 3.33070342e+09, 3.36400361e+09,
       5.73442182e+09])]], 3: [[600.0, array([4.26194666e+10, 5.02113296e+10, 6.28563167e+10, 7.40900175e+10,
       8.52105930e+10, 9.53337973e+10, 1.04697260e+11, 1.13238554e+11,
       1.16720766e+11, 1.26989816e+11, 1.36144750e+11])], [2200.0, array([1.36144750e+11, 1.45220456e+11, 1.52904435e+11, 1.62182699e+11,
       1.70570931e+11, 1.79279242e+11, 1.88992187e+11, 1.97313348e+11,
       2.12209239e+11, 2.25831745e+11, 2.36150779e+11, 2.48115866e+11,
       2.57968789e+11, 2.65646727e+11, 2.70867390e+11, 2.75979131e+11,
       2.79703808e+11, 2.81050361e+11, 2.79506556e+11, 2.77807800e+11,
       2.77603719e+11, 2.75688858e+11, 2.72086850e+11, 2.66469488e+11,
       2.60304120e+11, 2.55081867e+11, 2.49202286e+11, 2.40049376e+11,
       2.33330590e+11, 2.25266925e+11, 2.17411366e+11, 2.09451238e+11,
       2.01700613e+11, 1.94633671e+11, 1.87044546e+11, 1.80299832e+11,
       1.74394448e+11, 1.67489714e+11, 1.61395156e+11, 1.56868308e+11,
       1.51351214e+11, 1.46492178e+11, 1.41431542e+11, 1.37267000e+11,
       1.33422085e+11, 1.29209158e+11, 1.26536206e+11, 1.22667178e+11,
       1.19031164e+11, 1.15240656e+11, 1.12099739e+11, 1.08749902e+11,
       9.68819456e+10, 8.74304458e+10, 8.48436203e+10, 8.19361749e+10,
       7.94640394e+10, 7.13605866e+10, 6.82394353e+10, 6.47005439e+10,
       6.05950413e+10, 5.59464191e+10, 5.10585121e+10, 4.57918481e+10,
       3.96842463e+10])], [3000.0, array([3.96842463e+10, 3.34697346e+10, 2.61732973e+10, 1.82511792e+10,
       1.20362878e+10, 8.88774761e+09, 6.55333746e+09, 5.07778735e+09,
       3.92683060e+09, 2.93930526e+09, 2.31398666e+09, 2.59658141e+09,
       3.15765631e+09, 3.26555055e+09, 3.50716754e+09, 3.74699133e+09,
       3.77669439e+09, 3.90792502e+09, 4.05431641e+09, 3.96351040e+09,
       3.89511096e+09, 3.85718009e+09, 3.72656893e+09, 3.56037390e+09,
       3.27421252e+09, 2.95752202e+09, 2.42772309e+09, 2.73886766e+09,
       2.85841927e+09, 2.92548929e+09, 3.00301704e+09, 3.01355902e+09,
       2.97164566e+09])]], 2: [[600.0, array([1.10913268e+11, 1.09538115e+11, 1.23972721e+11, 1.36876724e+11])], [2200.0, array([1.36876724e+11, 1.43965903e+11, 1.50515394e+11, 1.59487447e+11,
       1.66847090e+11, 1.76924734e+11, 1.87158862e+11, 1.96033976e+11,
       2.09796344e+11, 2.23189756e+11, 2.34901279e+11, 2.46333705e+11,
       2.55652870e+11, 2.63836494e+11, 2.69829576e+11, 2.70637860e+11,
       2.76693732e+11, 2.78924982e+11, 2.79031200e+11, 2.78744482e+11,
       2.76010786e+11, 2.73882177e+11, 2.71542981e+11, 2.66333325e+11,
       2.59773806e+11, 2.54399855e+11, 2.48605481e+11, 2.40406280e+11,
       2.32438797e+11, 2.23853775e+11, 2.17488890e+11, 2.09470494e+11,
       2.01388563e+11, 1.94070216e+11, 1.85564867e+11, 1.79008230e+11,
       1.73360450e+11, 1.67047019e+11, 1.61405923e+11, 1.55075556e+11,
       1.49569456e+11, 1.45160841e+11, 1.41286583e+11, 1.37344916e+11,
       1.33592076e+11, 1.30030726e+11, 1.26376530e+11, 1.23069119e+11,
       1.19792566e+11, 1.16104036e+11, 1.12847429e+11, 1.09507179e+11,
       8.88825407e+10, 8.89769598e+10, 8.52909380e+10, 8.33048431e+10,
       7.66083439e+10, 7.15549682e+10, 6.84012663e+10, 6.40623751e+10,
       5.97367788e+10, 5.51697965e+10, 5.00078783e+10, 4.44022059e+10,
       3.77089629e+10])], [3000.0, array([3.77089629e+10, 3.04645147e+10, 2.28043971e+10, 1.59166460e+10,
       1.23502577e+10, 9.53106453e+09, 8.03925388e+09, 6.48456194e+09,
       5.18492746e+09, 3.91324899e+09, 2.63776009e+09, 3.11454045e+09,
       3.34659497e+09, 3.43487179e+09, 3.77158730e+09, 3.92648793e+09,
       4.03250148e+09, 4.03521484e+09, 4.09863656e+09, 4.02228363e+09,
       4.00315181e+09, 3.87934578e+09, 3.69188021e+09, 3.41015992e+09,
       3.06924870e+09, 2.53124188e+09, 2.66007286e+09, 2.87908337e+09,
       2.94754668e+09, 3.08473120e+09, 3.03460642e+09, 2.99270106e+09,
       3.00250068e+09])]], 1: [[600.0, array([1.05108554e+11, 1.18282887e+11, 1.35046175e+11, 1.51330849e+11,
       1.66019972e+11, 1.78844074e+11, 1.82884495e+11, 1.97647863e+11,
       2.15292313e+11])], [2200.0, array([2.15292313e+11, 2.26627262e+11, 2.40652409e+11, 2.54077210e+11,
       2.65995101e+11, 2.77464072e+11, 2.87582490e+11, 3.00861181e+11,
       3.16001893e+11, 3.35064937e+11, 3.50123125e+11, 3.67935776e+11,
       3.77972277e+11, 3.85369064e+11, 3.95585942e+11, 4.01874169e+11,
       4.08282206e+11, 4.11735896e+11, 4.11493161e+11, 4.07834385e+11,
       4.06566207e+11, 4.04077640e+11, 3.97410693e+11, 3.93198360e+11,
       3.86740051e+11, 3.77386633e+11, 3.65481439e+11, 3.54578045e+11,
       3.43019805e+11, 3.30948944e+11, 3.16987988e+11, 3.05093096e+11,
       2.93248244e+11, 2.80450123e+11, 2.67515364e+11, 2.58087230e+11,
       2.48283481e+11, 2.38695133e+11, 2.29814484e+11, 2.19119621e+11,
       2.11282903e+11, 2.04185516e+11, 1.96882906e+11, 1.90417358e+11,
       1.84085098e+11, 1.78580043e+11, 1.73660460e+11, 1.68740021e+11,
       1.63886087e+11, 1.58375206e+11, 1.53705220e+11, 1.49132098e+11,
       1.44140123e+11, 1.34420868e+11, 1.11622798e+11, 1.12207795e+11,
       1.07985457e+11, 1.05012207e+11, 9.40518882e+10, 8.94809007e+10,
       8.45472561e+10, 7.91587350e+10, 7.36436119e+10, 6.70525115e+10,
       5.99405928e+10])], [3000.0, array([5.99405928e+10, 5.24754540e+10, 4.42483842e+10, 3.49968960e+10,
       2.54918765e+10, 1.72310971e+10, 1.30912461e+10, 9.77428545e+09,
       7.74785109e+09, 5.74413495e+09, 3.24618508e+09, 2.86068986e+09,
       3.22057452e+09, 3.80254059e+09, 4.03703779e+09, 4.17626111e+09,
       4.51894980e+09, 4.68285098e+09, 4.69449299e+09, 4.84737016e+09,
       4.86243638e+09, 4.66702393e+09, 4.60609696e+09, 4.51325777e+09,
       4.31153332e+09, 3.92055690e+09, 3.48410919e+09, 2.91562362e+09,
       3.14866374e+09, 3.29959429e+09, 3.42849443e+09, 3.38018130e+09,
       5.81395146e+09])]]}}